9.136
9.136
9.074
9.012
8.95
8.95
8.95
8.888
8.888
8.888
8.888
8.888
8.825
8.825
8.825
8.825
8.763
8.763
8.763
8.763
8.763
8.763
8.763
8.763
8.763
8.825
8.825
8.825
8.825
8.825
8.825
8.763
8.763
8.763
8.763
8.701
8.701
8.701
8.701
8.701
8.639
8.639
8.639
8.639
8.639
8.639
8.701
8.701
8.701
8.701
8.701
8.639
8.639
8.577
8.577
8.577
8.515
8.515
8.577
8.577
8.577
8.577
8.515
8.515
8.515
8.515
8.515
8.515
8.452
8.452
8.39
8.39
8.39
8.452
8.39
8.39
8.328
8.328
8.266
8.266
8.266
8.266
8.266
8.266
8.266
8.266
8.204
8.142
8.142
8.204
8.204
8.142
8.142
8.08
8.08
8.017
8.017
8.017
7.955
7.955
7.955
