File                DER    JER    B3-Precision    B3-Recall    B3-F1    GKT(ref, sys)    GKT(sys, ref)    H(ref|sys)    H(sys|ref)    MI    NMI
---------------  ------  -----  --------------  -----------  -------  ---------------  ---------------  ------------  ------------  ----  -----
abjxc              0.67   1.57            0.98         0.97     0.97             0.56             0.56          0.08          0.10  0.11   0.56
afjiv              3.02  10.15            0.86         0.89     0.88             0.86             0.83          0.35          0.31  2.09   0.86
ahnss              5.32  10.55            0.81         0.93     0.86             0.91             0.74          0.69          0.20  1.71   0.80
aisvi              0.86  10.53            0.93         0.95     0.94             0.92             0.89          0.22          0.17  1.69   0.90
akthc              1.48   4.14            0.91         0.94     0.92             0.82             0.75          0.28          0.17  0.70   0.76
ampme              1.54   3.42            0.94         0.93     0.93             0.82             0.83          0.19          0.21  0.89   0.82
asxwr              0.43   2.83            0.94         0.98     0.96             0.97             0.91          0.22          0.04  1.45   0.92
atgpi              0.45   2.19            0.97         0.97     0.97             0.15             0.15          0.09          0.12  0.03   0.20
aufkn             23.68  65.21            0.87         0.68     0.76             0.27             0.36          0.33          0.81  0.33   0.38
azisu             10.37  34.47            0.72         0.94     0.81             0.91             0.62          0.84          0.18  1.41   0.75
bauzd              5.15  55.01            0.86         0.92     0.89             0.80             0.66          0.47          0.24  0.92   0.72
bdopb              1.36  19.63            0.92         0.94     0.93             0.92             0.89          0.32          0.21  2.17   0.89
bkwns              0.00   1.99            0.99         1.00     0.99             0.97             0.87          0.07          0.01  0.27   0.88
blwmj              0.41   3.64            0.94         0.97     0.96             0.94             0.89          0.23          0.10  0.94   0.85
bravd             14.92  28.25            0.63         0.87     0.73             0.69             0.40          1.02          0.33  0.71   0.53
bspxd             11.32  14.15            0.71         0.88     0.79             0.78             0.55          0.72          0.29  1.03   0.68
bwzyf              1.20   7.20            0.95         0.95     0.95             0.90             0.89          0.18          0.17  1.35   0.89
bxpwa              0.79  24.98            0.96         0.97     0.97             0.93             0.91          0.13          0.10  1.09   0.90
bydui              1.01   4.01            0.95         0.97     0.96             0.95             0.92          0.21          0.13  1.38   0.89
ccokr              5.92  33.13            0.74         0.88     0.80             0.84             0.67          0.90          0.34  1.71   0.74
cjfer              7.60  15.41            0.83         0.93     0.88             0.91             0.81          0.61          0.24  2.92   0.87
cmfyw             16.52  16.33            0.68         0.87     0.76             0.83             0.61          0.94          0.33  1.93   0.76
cmhsm              1.02   2.36            0.96         0.97     0.96             0.34             0.34          0.14          0.09  0.07   0.37
cobal              0.07   3.00            0.99         0.99     0.99             0.94             0.93          0.07          0.04  0.46   0.90
cqaec             13.67  53.40            0.67         0.81     0.73             0.64             0.47          1.08          0.52  0.94   0.55
crixb              7.57  13.21            0.77         0.90     0.83             0.82             0.63          0.67          0.29  0.96   0.67
cwryz             12.93  44.01            0.84         0.91     0.88             0.77             0.63          0.53          0.23  0.96   0.72
cyyxp              1.80   7.17            0.89         0.90     0.90             0.71             0.71          0.31          0.29  0.50   0.62
czlvt              2.74   4.98            0.90         0.96     0.93             0.95             0.89          0.37          0.15  3.00   0.92
dbugl              2.57   8.57            0.93         0.95     0.94             0.94             0.91          0.29          0.15  2.33   0.91
dhorc              2.05   3.49            0.93         0.96     0.95             0.95             0.90          0.23          0.13  1.91   0.91
djngn              0.32   2.00            0.97         0.98     0.97             0.95             0.93          0.12          0.06  0.98   0.92
djqif              3.12   2.40            0.96         0.94     0.95             0.89             0.94          0.14          0.18  1.30   0.89
dscgs              1.90   7.92            0.87         0.93     0.90             0.87             0.77          0.46          0.20  0.91   0.74
dvngl              9.24  57.88            0.78         0.94     0.85             0.90             0.69          0.72          0.18  1.56   0.78
eapdk              0.65   2.36            0.97         0.97     0.97             0.97             0.96          0.13          0.10  2.50   0.96
edixl              0.55   2.36            0.97         0.98     0.97             0.98             0.96          0.14          0.06  2.46   0.96
ehpau              7.45  20.20            0.75         0.88     0.81             0.77             0.57          0.78          0.32  1.08   0.67
epdpg              3.99  24.64            0.85         0.88     0.87             0.79             0.74          0.45          0.35  1.62   0.80
eqttu              0.00   0.83            0.99         0.99     0.99             0.99             0.98          0.05          0.03  0.92   0.96
esrit              0.79   5.21            0.94         0.96     0.95             0.95             0.92          0.20          0.12  2.05   0.93
evtyi              2.01  10.53            0.85         0.87     0.86             0.69             0.68          0.40          0.33  0.68   0.65
exymw              1.44   4.91            0.92         0.94     0.93             0.93             0.90          0.25          0.17  2.19   0.91
eziem              6.28  21.16            0.83         0.94     0.88             0.92             0.81          0.53          0.20  2.65   0.88
ezsgk             11.97  39.33            0.66         0.92     0.77             0.84             0.49          1.09          0.22  0.94   0.61
falxo              6.84  23.90            0.73         0.84     0.78             0.79             0.66          1.02          0.51  2.06   0.73
femmv              1.48   9.91            0.91         0.93     0.92             0.91             0.87          0.31          0.19  1.68   0.87
fkvvo              3.35  11.65            0.89         0.95     0.92             0.94             0.86          0.38          0.15  2.43   0.90
fsaal              1.32  18.81            0.93         0.96     0.94             0.95             0.91          0.25          0.12  2.27   0.92
fvyvb             10.00  35.26            0.86         0.94     0.90             0.91             0.81          0.43          0.21  1.88   0.86
fxgvy              0.53   2.12            0.97         0.99     0.98             0.97             0.94          0.11          0.05  0.98   0.92
ggvel              4.18  51.29            0.78         0.85     0.82             0.77             0.68          0.74          0.44  1.34   0.70
gocbm              0.99   3.97            0.95         0.95     0.95             0.94             0.93          0.19          0.17  2.61   0.93
gofnj              0.68   3.40            0.96         0.97     0.97             0.94             0.91          0.15          0.10  0.98   0.89
goyli              2.89  12.84            0.89         0.95     0.92             0.92             0.85          0.38          0.17  1.66   0.86
gpjne              0.39   4.06            0.95         0.98     0.96             0.94             0.87          0.18          0.05  0.81   0.88
gqbvk              3.11   6.00            0.91         0.90     0.91             0.82             0.84          0.27          0.29  1.31   0.82
gqdxy              2.45   6.50            0.91         0.92     0.92             0.89             0.87          0.32          0.27  1.51   0.84
grzbb              0.94   3.53            0.95         0.95     0.95             0.87             0.87          0.16          0.17  0.68   0.80
gwtwd             12.77  35.38            0.61         0.86     0.72             0.78             0.49          1.22          0.33  1.31   0.64
gzvkx              4.45  40.17            0.87         0.96     0.91             0.93             0.81          0.45          0.12  1.58   0.85
hgdez              3.05  11.81            0.88         0.91     0.89             0.89             0.86          0.47          0.33  2.56   0.87
hgeec              1.47   4.34            0.95         0.98     0.96             0.97             0.93          0.19          0.06  2.38   0.95
hiyis              0.19   0.85            0.99         0.98     0.99             0.97             0.98          0.03          0.06  1.00   0.95
hkzpa              4.02   5.18            0.92         0.93     0.93             0.87             0.85          0.28          0.21  1.01   0.80
houcx              2.64   8.83            0.83         0.91     0.87             0.84             0.74          0.53          0.27  1.22   0.75
hqyok              0.00   5.28            0.92         0.98     0.95             0.00             0.00          0.25          0.09  0.00   0.00
hycgx              1.05   5.76            0.93         0.96     0.94             0.90             0.84          0.25          0.14  0.87   0.82
ikgcq              4.23  54.26            0.84         0.93     0.88             0.64             0.49          0.54          0.17  0.33   0.50
imbqf              3.18   9.86            0.84         0.93     0.89             0.91             0.80          0.53          0.20  1.91   0.84
imtug              1.01   6.92            0.93         0.96     0.94             0.86             0.79          0.26          0.13  0.72   0.79
ioasm             18.67  50.58            0.67         0.67     0.67             0.53             0.53          1.01          0.94  0.87   0.47
ipqqq              2.63  12.73            0.93         0.95     0.94             0.94             0.91          0.25          0.14  2.17   0.92
iqbww              7.84  12.42            0.88         0.83     0.86             0.63             0.71          0.35          0.51  0.84   0.66
iqtde              0.04   1.07            0.98         0.99     0.99             0.99             0.98          0.07          0.04  1.84   0.97
irvat              7.88  13.76            0.79         0.94     0.86             0.90             0.69          0.58          0.18  1.35   0.78
iwdjy              4.62  35.60            0.86         0.85     0.85             0.71             0.73          0.42          0.48  0.89   0.67
jcako              2.34  12.55            0.81         0.87     0.84             0.81             0.74          0.65          0.42  1.39   0.72
jhdav              1.52  23.16            0.93         0.97     0.95             0.96             0.90          0.28          0.10  1.69   0.90
jiqvr              6.22  20.37            0.76         0.85     0.80             0.71             0.59          0.76          0.43  0.95   0.62
jnivh             14.01  15.02            0.70         0.95     0.81             0.93             0.59          0.80          0.15  1.40   0.76
jsdmu              5.25   8.52            0.89         0.87     0.88             0.63             0.63          0.25          0.37  0.42   0.58
jsmbi              0.55   5.72            0.90         0.92     0.91             0.89             0.87          0.34          0.27  1.98   0.87
jtagk             14.91  61.09            0.71         0.90     0.79             0.69             0.41          0.79          0.30  0.66   0.56
jyflp              4.29  10.16            0.84         0.92     0.88             0.90             0.80          0.58          0.25  2.36   0.85
jyirt              2.59   8.33            0.91         0.95     0.93             0.92             0.84          0.33          0.12  1.36   0.86
jynhe              3.82   7.51            0.87         0.94     0.91             0.92             0.84          0.46          0.18  2.15   0.87
kbkon             18.19  73.32            0.56         0.88     0.68             0.77             0.37          1.28          0.31  0.78   0.52
kckqn              5.98   6.22            0.85         0.95     0.90             0.92             0.76          0.44          0.11  1.29   0.83
kctgl              0.84   3.59            0.93         0.97     0.95             0.94             0.87          0.25          0.10  0.99   0.85
kdfqk              9.99  41.26            0.83         0.85     0.84             0.78             0.76          0.53          0.46  2.03   0.80
kefgo              1.57  23.15            0.91         0.95     0.93             0.88             0.79          0.30          0.15  1.03   0.82
kiadt              2.19  43.48            0.89         0.94     0.91             0.87             0.79          0.36          0.20  0.97   0.78
kkghn              2.07   4.80            0.93         0.92     0.92             0.66             0.66          0.22          0.24  0.34   0.60
kklpv              0.71   4.80            0.95         0.97     0.96             0.90             0.86          0.19          0.10  0.65   0.82
kkwkn              0.34   2.45            0.96         0.97     0.97             0.97             0.95          0.18          0.10  2.26   0.94
kszpd              5.59  24.60            0.87         0.95     0.91             0.94             0.83          0.41          0.14  1.80   0.87
ktzmw              0.45   4.58            0.96         0.98     0.97             0.96             0.93          0.17          0.08  1.28   0.91
kuduk              3.49   9.85            0.88         0.93     0.91             0.90             0.82          0.39          0.22  1.68   0.85
ldkmv              3.26   8.16            0.87         0.95     0.91             0.93             0.84          0.51          0.18  2.12   0.86
ldnro              1.24   4.42            0.93         0.96     0.95             0.96             0.92          0.26          0.13  3.01   0.94
lfzib              2.70  18.14            0.87         0.93     0.90             0.90             0.84          0.48          0.25  2.41   0.87
lknjp              3.63   5.57            0.90         0.91     0.91             0.88             0.87          0.30          0.27  2.07   0.88
luvfz              6.92  32.06            0.74         0.81     0.78             0.78             0.70          0.89          0.59  2.09   0.74
mdbod              3.37  15.67            0.91         0.95     0.93             0.94             0.90          0.28          0.18  3.04   0.93
mekog              1.41   4.91            0.93         0.96     0.94             0.90             0.84          0.25          0.15  0.80   0.80
mesob             37.81  53.88            0.67         0.75     0.71             0.61             0.50          0.95          0.61  1.03   0.57
mevkw             23.17  20.87            0.65         0.88     0.75             0.82             0.54          0.86          0.33  1.45   0.71
mgpok              0.82   4.64            0.92         0.96     0.94             0.93             0.87          0.26          0.14  1.45   0.88
migzj             25.15  33.54            0.49         0.84     0.61             0.78             0.41          1.68          0.45  1.55   0.61
mjgil              0.37   2.66            0.96         0.96     0.96             0.78             0.78          0.14          0.13  0.45   0.77
mkrcv              2.14  13.39            0.88         0.94     0.91             0.90             0.79          0.49          0.17  1.52   0.82
mpvoh             36.23  53.18            0.78         0.92     0.84             0.83             0.60          0.69          0.23  0.71   0.62
mqxsf              9.21  36.01            0.88         0.85     0.86             0.79             0.82          0.38          0.43  2.11   0.84
mvjuk              7.84  11.63            0.79         0.92     0.85             0.88             0.72          0.61          0.23  1.46   0.78
mwfmq              0.90  50.72            0.97         0.99     0.98             0.92             0.80          0.12          0.03  0.30   0.81
nctdh              3.87  22.32            0.89         0.91     0.90             0.88             0.86          0.36          0.27  1.94   0.86
ndkwv              3.01   7.47            0.88         0.93     0.91             0.92             0.85          0.42          0.21  2.42   0.89
nfqjx              1.80   7.10            0.89         0.93     0.91             0.92             0.87          0.39          0.23  2.24   0.88
ngyrk              6.27  10.67            0.81         0.92     0.86             0.84             0.69          0.56          0.21  1.00   0.73
nnqfq              9.14  21.44            0.73         0.96     0.83             0.94             0.67          0.91          0.12  2.03   0.81
nrogz              3.99  24.92            0.83         0.89     0.86             0.82             0.75          0.59          0.34  1.83   0.80
ntchr              0.77   3.00            0.96         0.96     0.96             0.92             0.91          0.14          0.13  0.93   0.87
nxgad             14.79  18.44            0.67         0.89     0.76             0.78             0.48          0.78          0.27  0.76   0.61
odkzj              3.60   6.26            0.88         0.95     0.92             0.94             0.86          0.38          0.16  2.64   0.91
oekmc              5.31  10.64            0.88         0.90     0.89             0.80             0.78          0.36          0.26  1.29   0.81
oenox              0.00   0.84            0.99         0.99     0.99             0.97             0.97          0.04          0.04  0.81   0.95
oklol              4.16  22.94            0.82         0.91     0.87             0.88             0.77          0.65          0.29  1.89   0.80
onpra              7.93  29.67            0.84         0.86     0.85             0.75             0.71          0.45          0.41  1.34   0.76
ooxnm              0.73  10.47            0.94         0.94     0.94             0.92             0.91          0.21          0.20  1.83   0.90
oxxwk              1.05   5.19            0.94         0.94     0.94             0.88             0.88          0.22          0.18  1.01   0.83
paibn              0.43   1.53            0.98         0.98     0.98             0.97             0.96          0.08          0.06  1.08   0.94
pgkde              1.08   6.58            0.92         0.96     0.94             0.94             0.86          0.33          0.12  1.32   0.86
pilgb              3.25  26.83            0.88         0.91     0.90             0.85             0.81          0.40          0.31  1.39   0.80
plbbw              3.18  17.88            0.92         0.94     0.93             0.39             0.35          0.22          0.19  0.16   0.43
pnook              2.07  15.95            0.86         0.91     0.88             0.83             0.75          0.47          0.30  1.55   0.80
pnyir              2.19  18.46            0.91         0.95     0.93             0.94             0.89          0.33          0.18  2.56   0.91
ppgjx              8.69  10.83            0.88         0.81     0.84             0.67             0.76          0.37          0.60  0.95   0.66
pqmho            127.38  14.63            0.96         0.72     0.82             0.40             0.83          0.11          0.71  0.47   0.57
praxo              1.88   5.02            0.92         0.96     0.94             0.91             0.84          0.30          0.14  0.96   0.81
qfdpp              0.47   8.91            0.97         0.98     0.98             0.98             0.95          0.12          0.05  1.68   0.95
qhesr              2.22   3.92            0.97         0.94     0.95             0.73             0.81          0.08          0.20  0.45   0.77
qjgpl             36.09  39.26            0.61         0.86     0.71             0.74             0.49          1.00          0.39  1.50   0.69
qouur              0.59   0.34            0.99         0.99     0.99             0.57             0.76          0.03          0.03  0.08   0.72
qppll              1.40   4.60            0.93         0.95     0.94             0.11             0.11          0.22          0.14  0.03   0.14
qpylu              0.18   4.87            0.92         0.92     0.92             0.87             0.88          0.24          0.25  1.27   0.84
qrzjk              0.00   0.54            0.99         1.00     0.99             1.00             0.00          0.05          0.00  0.00   0.00
qsfzo              0.32   2.06            0.96         0.99     0.98             0.98             0.92          0.15          0.03  0.89   0.91
qvtia             11.42   7.35            0.88         0.82     0.85             0.71             0.80          0.34          0.50  1.11   0.73
qydmg              0.56   0.64            1.00         0.99     0.99             0.00             0.00          0.01          0.05  0.00   0.00
qygfk             10.98  13.56            0.73         0.89     0.80             0.86             0.66          0.80          0.29  1.70   0.76
qzwxa              0.33   4.12            0.97         0.97     0.97             0.91             0.90          0.11          0.08  0.68   0.88
rcxzg              1.64  10.19            0.90         0.95     0.93             0.93             0.86          0.37          0.16  1.61   0.86
rtvuw             33.69  60.71            0.62         0.62     0.62             0.35             0.35          1.14          0.87  0.53   0.35
rxgun             10.80  37.61            0.76         0.92     0.83             0.90             0.71          0.76          0.24  2.30   0.82
sduml              0.57   1.60            0.95         0.96     0.96             0.95             0.94          0.16          0.12  2.11   0.94
sikkm              0.00   0.29            1.00         0.99     1.00             0.00             1.00          0.00          0.03  0.00   0.00
sldwj              0.02   4.52            0.94         0.94     0.94             0.90             0.89          0.23          0.19  1.23   0.86
sosnj              0.93   7.18            0.92         0.95     0.93             0.91             0.87          0.30          0.16  1.40   0.86
spzmn              0.16   2.97            0.98         0.98     0.98             0.92             0.89          0.08          0.06  0.49   0.87
sqkup             21.87  67.70            0.66         0.75     0.70             0.68             0.59          1.09          0.65  1.77   0.67
suuxu              8.77  15.70            0.78         0.80     0.79             0.75             0.73          0.73          0.63  1.87   0.73
syiwe              2.04   7.07            0.92         0.91     0.92             0.87             0.88          0.24          0.27  1.45   0.85
szsyz              5.83  69.39            0.85         0.98     0.91             0.77             0.22          0.47          0.07  0.19   0.45
tcwsn              0.64   3.28            0.95         0.98     0.96             0.95             0.90          0.19          0.07  0.92   0.88
tfvyr              0.00   2.79            0.96         0.98     0.97             0.00             0.00          0.14          0.07  0.00   0.00
tguxv              0.75  19.45            0.95         0.97     0.96             0.93             0.90          0.18          0.09  1.24   0.90
tiams              1.09  22.22            0.94         0.96     0.95             0.91             0.89          0.19          0.16  1.35   0.89
tjkfn              2.18  28.13            0.93         0.97     0.95             0.96             0.90          0.29          0.10  1.93   0.91
tlprc              0.68   7.00            0.91         0.94     0.93             0.92             0.88          0.33          0.19  2.33   0.90
tplwz              7.93  18.21            0.74         0.90     0.81             0.88             0.69          0.90          0.28  2.13   0.79
tucrg            534.50  94.44            0.71         0.61     0.65             0.10             0.07          0.80          0.80  0.11   0.12
txcok              2.59   5.29            0.89         0.97     0.93             0.95             0.85          0.38          0.10  1.86   0.89
uatlu             16.35  30.79            0.71         0.77     0.74             0.65             0.59          0.81          0.62  1.13   0.61
udjij              5.70  13.16            0.79         0.86     0.82             0.82             0.74          0.75          0.45  1.93   0.77
uexjc              3.64  14.74            0.83         0.91     0.87             0.89             0.79          0.59          0.31  2.29   0.84
ufpel              5.29  48.93            0.86         0.89     0.88             0.81             0.78          0.48          0.38  1.33   0.76
ulriv             11.73  15.48            0.73         0.91     0.81             0.89             0.68          0.85          0.23  2.04   0.80
usbgm              0.00   0.45            0.99         1.00     1.00             1.00             0.00          0.04          0.00  0.00   0.00
uvnmy              1.60  54.41            0.92         0.97     0.95             0.90             0.77          0.26          0.11  0.72   0.80
vbjlx             26.91  49.63            0.43         0.82     0.56             0.71             0.31          1.79          0.44  1.28   0.56
vmaiq              3.31  37.13            0.88         0.92     0.90             0.91             0.85          0.45          0.26  2.49   0.88
vmbga              8.44  15.45            0.74         0.90     0.82             0.87             0.68          0.84          0.28  1.77   0.77
vysqj             42.12  42.44            1.00         0.51     0.67             0.00             0.00          0.01          1.02  0.00   0.01
wbqza              1.70  11.58            0.93         0.96     0.95             0.92             0.87          0.24          0.14  1.21   0.86
wdjyj              2.80  22.74            0.89         0.89     0.89             0.86             0.86          0.37          0.33  2.40   0.87
wewoz              1.15   7.63            0.91         0.92     0.92             0.91             0.90          0.29          0.25  3.08   0.92
whmpa              3.50  51.61            0.89         0.98     0.93             0.18             0.11          0.38          0.05  0.04   0.19
willh              0.00   0.99            0.98         0.99     0.98             0.97             0.97          0.07          0.05  1.15   0.95
wjhgf             19.96  40.26            0.65         0.94     0.77             0.89             0.50          1.06          0.16  1.32   0.70
wmori              1.22   4.34            0.92         0.93     0.93             0.88             0.87          0.25          0.21  1.18   0.84
wnfoi             17.36  37.47            0.63         0.88     0.73             0.84             0.55          1.19          0.29  1.86   0.73
wspbh              1.76   4.87            0.92         0.96     0.94             0.95             0.91          0.29          0.15  2.41   0.92
xiglo              1.40   6.85            0.93         0.94     0.94             0.89             0.87          0.21          0.17  1.29   0.87
xmfzh              2.23   7.34            0.90         0.89     0.90             0.88             0.89          0.33          0.36  2.86   0.89
xvllq              0.56   3.89            0.95         0.97     0.96             0.95             0.91          0.19          0.09  1.41   0.91
xxwgv              2.81  12.00            0.90         0.94     0.92             0.93             0.88          0.36          0.19  2.78   0.91
xypdm              2.92   9.09            0.86         0.88     0.87             0.57             0.57          0.39          0.30  0.35   0.50
ycxxe              1.56   6.19            0.92         0.96     0.94             0.95             0.89          0.25          0.12  1.89   0.91
ydlfw              5.24  12.24            0.75         0.96     0.84             0.95             0.71          0.75          0.14  2.36   0.85
yfcmz              6.06   6.85            0.94         0.88     0.91             0.82             0.90          0.22          0.37  1.56   0.84
ylnza              2.57  14.78            0.94         0.98     0.96             0.97             0.91          0.19          0.07  2.33   0.95
ypwjd              4.73   6.61            0.87         0.92     0.89             0.88             0.83          0.38          0.26  1.78   0.85
yrsve              4.37  39.48            0.83         0.94     0.88             0.88             0.70          0.52          0.15  0.87   0.73
ysgbf              4.87   9.65            0.83         0.93     0.88             0.23             0.23          0.44          0.18  0.10   0.25
yuzyu              2.95   5.70            0.90         0.97     0.93             0.93             0.81          0.33          0.09  0.89   0.81
ywcwr              1.50   4.21            0.95         0.94     0.95             0.87             0.89          0.17          0.20  0.88   0.83
zajzs              2.44   8.61            0.92         0.97     0.94             0.88             0.73          0.26          0.10  0.57   0.76
zcdsd              1.46   3.39            0.94         0.98     0.96             0.97             0.93          0.24          0.08  2.20   0.93
zfkap              0.54   5.36            0.97         0.97     0.97             0.94             0.94          0.10          0.10  1.40   0.93
zidwg              0.88  10.44            0.93         0.94     0.93             0.92             0.89          0.25          0.18  1.99   0.90
zmndm              0.57   1.34            0.98         0.98     0.98             0.28             0.28          0.09          0.05  0.04   0.35
zrlyl              5.72  13.12            0.84         0.86     0.85             0.69             0.62          0.49          0.41  0.71   0.61
ztzzr              4.33   7.07            0.89         0.87     0.88             0.63             0.72          0.31          0.34  0.51   0.61
zvmyn              0.12   4.94            0.91         0.94     0.93             0.52             0.52          0.27          0.14  0.21   0.51
zyffh              2.82  36.89            0.91         0.93     0.92             0.87             0.83          0.31          0.22  0.97   0.79
*** OVERALL ***    4.41  19.61            0.88         0.93     0.90             0.93             0.88          0.41          0.23  8.93   0.97
